,Country,Bronze,Silver,Gold,Total
191,United States,9.21,12.71,13.38,11.77
40,China,5.53,9.5,11.37,8.8
190,United Kingdom,5.59,6.98,7.78,6.78
92,Japan,4.89,4.17,6.9,5.32
10,Australia,4.94,2.89,4.5,4.11
70,Germany,4.21,3.87,3.82,3.97
66,France,3.25,4.34,3.27,3.62
90,Italy,4.43,3.4,3.01,3.61
129,Netherlands,3.04,3.36,2.94,3.11
34,Canada,3.28,1.72,1.82,2.27
97,"Korea, South",2.63,1.39,2.42,2.15
150,Russia,2.25,1.94,2.16,2.12
26,Brazil,2.09,1.94,2.12,2.05
131,New Zealand,1.75,2.04,2.01,1.93
82,Hungary,1.69,1.9,2.16,1.92
169,Spain,1.57,2.41,1.3,1.76
188,Ukraine,2.68,1.83,0.58,1.7
49,Cuba,1.37,0.91,2.04,1.44
145,Poland,1.46,1.35,1.11,1.31
52,Denmark,1.28,1.46,0.86,1.2
95,Kenya,0.6,1.46,1.36,1.14
51,Czech Republic,1.1,1.13,1.07,1.1
175,Switzerland,1.2,1.1,0.94,1.08
185,Turkey,1.89,0.73,0.54,1.05
91,Jamaica,0.97,0.59,1.44,1.0
174,Sweden,0.28,1.9,0.83,1.0
94,Kazakhstan,2.24,0.4,0.33,0.99
12,Azerbaijan,1.53,1.24,0.15,0.97
177,Taiwan,1.23,0.88,0.54,0.88
48,Croatia,0.54,0.91,1.12,0.86
86,Iran,0.67,0.73,1.05,0.82
69,Georgia,0.52,1.28,0.61,0.8
17,Belarus,0.88,1.13,0.4,0.8
135,Norway,0.63,0.47,0.92,0.67
193,Uzbekistan,0.85,0.15,0.97,0.66
18,Belgium,0.72,0.4,0.79,0.64
41,Colombia,0.49,1.13,0.26,0.63
84,India,0.9,0.58,0.21,0.56
168,South Africa,0.16,0.95,0.47,0.53
63,Ethiopia,0.73,0.44,0.4,0.52
165,Slovenia,0.31,0.4,0.75,0.49
29,Bulgaria,0.51,0.33,0.64,0.49
58,Egypt,0.93,0.33,0.21,0.49
11,Austria,0.96,0.22,0.21,0.46
72,Greece,0.37,0.29,0.65,0.44
118,Mexico,0.94,0.33,0.04,0.44
85,Indonesia,0.57,0.44,0.29,0.43
164,Slovakia,0.27,0.62,0.36,0.42
81,Hong Kong*,0.57,0.44,0.21,0.41
88,Ireland,0.48,0.18,0.47,0.38
8,Armenia,0.39,0.69,0.07,0.38
55,Dominican Republic,0.42,0.69,0.04,0.38
195,Venezuela,0.06,0.8,0.25,0.37
122,Mongolia,0.69,0.37,0.0,0.35
7,Argentina,0.42,0.33,0.26,0.34
180,Thailand,0.37,0.22,0.36,0.32
89,Israel,0.48,0.0,0.43,0.3
144,Philippines,0.18,0.51,0.21,0.3
146,Portugal,0.42,0.26,0.21,0.3
187,Uganda,0.18,0.22,0.47,0.29
112,Malaysia,0.27,0.55,0.0,0.27
148,Qatar,0.24,0.07,0.43,0.25
184,Tunisia,0.22,0.22,0.29,0.24
96,"Korea, North",0.19,0.22,0.29,0.23
57,Ecuador,0.0,0.22,0.43,0.22
107,Lithuania,0.25,0.33,0.07,0.22
99,Kyrgyzstan,0.18,0.44,0.0,0.21
13,Bahamas,0.06,0.0,0.54,0.2
156,San Marino,0.36,0.22,0.0,0.19
62,Estonia,0.27,0.04,0.21,0.17
65,Finland,0.45,0.07,0.0,0.17
64,Fiji,0.18,0.0,0.29,0.16
93,Jordan,0.18,0.22,0.07,0.16
101,Latvia,0.21,0.0,0.25,0.15
134,Nigeria,0.24,0.22,0.0,0.15
14,Bahrain,0.03,0.29,0.07,0.13
147,Puerto Rico*,0.03,0.04,0.29,0.12
123,Morocco,0.09,0.0,0.21,0.1
47,Cote d'Ivoire,0.24,0.0,0.07,0.1
73,Grenada,0.18,0.07,0.04,0.1
158,Saudi Arabia,0.03,0.22,0.0,0.08
20,Bermuda*,0.0,0.0,0.21,0.07
109,Macedonia,0.0,0.22,0.0,0.07
126,Namibia,0.0,0.22,0.0,0.07
186,Turkmenistan,0.0,0.22,0.0,0.07
25,Botswana,0.18,0.04,0.0,0.07
98,Kuwait,0.21,0.0,0.0,0.07
2,Algeria,0.0,0.15,0.04,0.06
30,Burkina Faso,0.18,0.0,0.0,0.06
71,Ghana,0.18,0.0,0.0,0.06
120,Moldova,0.18,0.0,0.0,0.06
176,Syria,0.18,0.0,0.0,0.06
196,Vietnam,0.0,0.07,0.07,0.05
178,Tajikistan,0.03,0.0,0.07,0.03
31,Burundi,0.0,0.07,0.0,0.02
133,Niger,0.0,0.07,0.0,0.02
189,United Arab Emirates,0.06,0.0,0.0,0.02
50,Cyprus,0.0,0.04,0.0,0.01
67,Gabon,0.0,0.04,0.0,0.01
75,Guatemala,0.0,0.04,0.0,0.01
0,Afghanistan,0.03,0.0,0.0,0.01
33,Cameroon,0.03,0.0,0.0,0.01
1,Albania,0.0,0.0,0.0,0.0
3,American Samoa*,0.0,0.0,0.0,0.0
4,Andorra,0.0,0.0,0.0,0.0
5,Angola,0.0,0.0,0.0,0.0
6,Antigua and Barbuda,0.0,0.0,0.0,0.0
9,Aruba*,0.0,0.0,0.0,0.0
15,Bangladesh,0.0,0.0,0.0,0.0
16,Barbados,0.0,0.0,0.0,0.0
19,Belize,0.0,0.0,0.0,0.0
21,Benin,0.0,0.0,0.0,0.0
22,Bhutan,0.0,0.0,0.0,0.0
23,Bolivia,0.0,0.0,0.0,0.0
24,Bosnia and Herzegovina,0.0,0.0,0.0,0.0
27,British Virgin Islands,0.0,0.0,0.0,0.0
28,Brunei,0.0,0.0,0.0,0.0
32,Cambodia,0.0,0.0,0.0,0.0
35,Cape Verde,0.0,0.0,0.0,0.0
36,Cayman Islands*,0.0,0.0,0.0,0.0
37,Central African Republic,0.0,0.0,0.0,0.0
38,Chad,0.0,0.0,0.0,0.0
39,Chile,0.0,0.0,0.0,0.0
42,Comoros,0.0,0.0,0.0,0.0
43,Congo,0.0,0.0,0.0,0.0
44,"Congo, Dem Rep",0.0,0.0,0.0,0.0
45,Cook Islands,0.0,0.0,0.0,0.0
46,Costa Rica,0.0,0.0,0.0,0.0
53,Djibouti,0.0,0.0,0.0,0.0
54,Dominica,0.0,0.0,0.0,0.0
56,East Timor (Timor-Leste),0.0,0.0,0.0,0.0
59,El Salvador,0.0,0.0,0.0,0.0
60,Equatorial Guinea,0.0,0.0,0.0,0.0
61,Eritrea,0.0,0.0,0.0,0.0
68,Gambia,0.0,0.0,0.0,0.0
74,Guam,0.0,0.0,0.0,0.0
76,Guinea,0.0,0.0,0.0,0.0
77,Guinea-Bissau,0.0,0.0,0.0,0.0
78,Guyana,0.0,0.0,0.0,0.0
79,Haiti,0.0,0.0,0.0,0.0
80,Honduras,0.0,0.0,0.0,0.0
83,Iceland,0.0,0.0,0.0,0.0
87,Iraq,0.0,0.0,0.0,0.0
100,Laos,0.0,0.0,0.0,0.0
102,Lebanon,0.0,0.0,0.0,0.0
103,Lesotho,0.0,0.0,0.0,0.0
104,Liberia,0.0,0.0,0.0,0.0
105,Libya,0.0,0.0,0.0,0.0
106,Liechtenstein,0.0,0.0,0.0,0.0
108,Luxembourg,0.0,0.0,0.0,0.0
110,Madagascar,0.0,0.0,0.0,0.0
111,Malawi,0.0,0.0,0.0,0.0
113,Maldives,0.0,0.0,0.0,0.0
114,Mali,0.0,0.0,0.0,0.0
115,Malta,0.0,0.0,0.0,0.0
116,Mauritania,0.0,0.0,0.0,0.0
117,Mauritius,0.0,0.0,0.0,0.0
119,Micronesia,0.0,0.0,0.0,0.0
121,Monaco,0.0,0.0,0.0,0.0
124,Mozambique,0.0,0.0,0.0,0.0
125,Burma,0.0,0.0,0.0,0.0
127,Nauru,0.0,0.0,0.0,0.0
128,Nepal,0.0,0.0,0.0,0.0
130,Netherlands Antilles*,0.0,0.0,0.0,0.0
132,Nicaragua,0.0,0.0,0.0,0.0
136,Oman,0.0,0.0,0.0,0.0
137,Pakistan,0.0,0.0,0.0,0.0
138,Palau,0.0,0.0,0.0,0.0
139,"Palestine, Occupied Territories",0.0,0.0,0.0,0.0
140,Panama,0.0,0.0,0.0,0.0
141,Papua New Guinea,0.0,0.0,0.0,0.0
142,Paraguay,0.0,0.0,0.0,0.0
143,Peru,0.0,0.0,0.0,0.0
149,Romania,0.0,0.0,0.0,0.0
151,Rwanda,0.0,0.0,0.0,0.0
152,Saint Kitts and Nevis,0.0,0.0,0.0,0.0
153,Saint Lucia,0.0,0.0,0.0,0.0
154,Saint Vincent and the Grenadines,0.0,0.0,0.0,0.0
155,Samoa,0.0,0.0,0.0,0.0
157,Sao Tome and Principe,0.0,0.0,0.0,0.0
159,Senegal,0.0,0.0,0.0,0.0
160,Serbia,0.0,0.0,0.0,0.0
161,Seychelles,0.0,0.0,0.0,0.0
162,Sierra Leone,0.0,0.0,0.0,0.0
163,Singapore,0.0,0.0,0.0,0.0
166,Solomon Islands,0.0,0.0,0.0,0.0
167,Somalia,0.0,0.0,0.0,0.0
170,Sri Lanka,0.0,0.0,0.0,0.0
171,Sudan,0.0,0.0,0.0,0.0
172,Suriname,0.0,0.0,0.0,0.0
173,Swaziland,0.0,0.0,0.0,0.0
179,Tanzania,0.0,0.0,0.0,0.0
181,Togo,0.0,0.0,0.0,0.0
182,Tonga,0.0,0.0,0.0,0.0
183,Trinidad and Tobago,0.0,0.0,0.0,0.0
192,Uruguay,0.0,0.0,0.0,0.0
194,Vanuatu,0.0,0.0,0.0,0.0
197,Virgin Islands*,0.0,0.0,0.0,0.0
198,Yemen,0.0,0.0,0.0,0.0
199,Zambia,0.0,0.0,0.0,0.0
200,Zimbabwe,0.0,0.0,0.0,0.0
